.Random.seed <- c(403L, 335L, 918906491L, -267138340L, 1645531747L, 215653260L, -1351610192L, -558014133L, 
    1100549680L, 1901785591L, 346092813L, -639307002L, 537740589L, 685226202L, -2029194698L, -306282927L, 
    121222494L, 307782169L, -1804980873L, 916700792L, -1824344449L, 1478572392L, -128077564L, 1456378367L, 
    -1344029052L, -390846429L, 1543250145L, -410531318L, 2002043745L, 1592198190L, -360045198L, -848226419L, 
    738592522L, 1734809805L, -113836941L, 1341226356L, 1140184939L, -420899052L, 485492440L, 1614615203L, 
    -141623768L, -556198721L, 1508209845L, -696508162L, -1826080779L, -2086032446L, 599190734L, -742240087L, 
    1885912086L, -2008505103L, 1138676895L, 1096015008L, -1368592713L, 499015808L, 1827774652L, -1775484121L, 
    -1027047188L, 2136202619L, -539038311L, -1710795456L, 948762805L, -965702033L, -1765551197L, 1485009521L, 
    -220083356L, 1550518310L, 1158459488L, -1777296462L, -494923637L, -759542839L, -1078663187L, 1763827563L, 
    -1968090942L, -613825320L, 2095614258L, 1130422220L, -992921031L, -1272175493L, -436337897L, 1307430269L, 
    1544994720L, -771872734L, 1671105300L, -593270322L, 895928799L, 388310213L, 1463299281L, 1396142471L, 
    468186446L, 864277188L, 1564197798L, 1491882104L, -433465587L, -289748505L, 1090975947L, -2059276631L, 
    -1802788292L, -634785058L, 2052403672L, -1611501494L, 1306646323L, -1954782527L, -1241762763L, 834155315L, 
    -1057504438L, 419093792L, 1123332346L, -108918460L, -164609263L, 1422077811L, 620356383L, 1703403253L, 
    -419838440L, -442454854L, 950274668L, 1777609862L, -1571549337L, 1626082909L, 609970745L, -1636541777L, 
    592391478L, 1103622028L, -1790081906L, 1124022000L, -1431789883L, -1024241505L, 806570099L, -106960991L, 
    -39207340L, 921965046L, -96342096L, 16863714L, -1976302181L, 1476054649L, 579294429L, 356438555L, 
    1068524306L, 36383368L, -2050531294L, -395506340L, -1780533879L, 318428555L, -237444825L, -157906931L, 
    -491177872L, 1354673394L, -322276316L, 136610750L, -1572771089L, -2112968843L, 1053274017L, 1665876183L, 
    718153918L, 2141273780L, -767284842L, -1066434072L, 115358365L, 777697879L, 1453038683L, -288982695L, 
    1540044588L, -1149893458L, 184634728L, -1188053894L, 1899224195L, 689311281L, 84904101L, 1708589731L, 
    454554906L, -283713776L, -58476310L, 132344212L, -989944415L, 1152207939L, 982393071L, -1420391867L, 
    -468161432L, 655705098L, -651553284L, 1723598390L, 1490865399L, 1449190413L, -1868077623L, 1803635583L, 
    -1793752922L, -789453764L, -1968408770L, -2100731616L, -1759730859L, -2001008497L, -1141279421L, 
    -917581423L, -716403452L, -2012956794L, 1313043072L, 1645594450L, -1221001301L, 581635497L, 27827725L, 
    484615691L, 268394658L, 795351992L, -1868058670L, 1347781548L, 1819592601L, 958378139L, -742975433L, 
    -513661347L, -48659200L, -1092427902L, 561253172L, -1120619410L, 848145791L, 1436572837L, -1884021327L, 
    608683111L, -1088867410L, -771630172L, 182401158L, -1527624104L, -1050370067L, 1580276231L, -29535765L, 
    2073273673L, -1241094052L, -1191032834L, -1598573960L, 1806128810L, -229739053L, 1373780897L, -988404779L, 
    1608178067L, 823224170L, -1261962048L, -1527956646L, 210441124L, 791045361L, 1471818899L, -1153298177L, 
    32080981L, 309968376L, -1158297318L, -1679411764L, 536321702L, 1711716167L, -1653927939L, 1737246745L, 
    -1899839409L, 2045945814L, -177582356L, 1863374190L, -1419380272L, -1871964187L, 820548287L, -114539629L, 
    664262721L, 841219700L, -861469866L, -782585520L, 1866623490L, 234249915L, -250178343L, 612933885L, 
    1524192699L, -1605583246L, 2052695016L, 142786882L, -518271044L, -1875639191L, 502345259L, -702365369L, 
    -1180727955L, -1708874672L, 760880722L, -1957428284L, 758171614L, -138574449L, 255080789L, 1073434241L, 
    -596559817L, 1939898526L, 1979754004L, -19637898L, -303211192L, 425921277L, -44422409L, -215083287L, 
    1277299701L, -1654159803L, -120991145L, 1955010316L, -1946034740L, 1782281136L, 1970603482L, -70772101L, 
    -932907589L, -1578214385L, -70226851L, 813970074L, -1053207274L, -647757122L, 1258941900L, 1072642069L, 
    -1509559103L, -242689383L, -621020229L, 1271652288L, 746926456L, -367400452L, 196345662L, -2040789457L, 
    1979725263L, 649104539L, 434082297L, 725162614L, 1119050362L, 546856418L, 2063824856L, 73574273L, 
    -849807987L, -1645644707L, 1759175887L, -1176876428L, -1036286764L, -352724184L, 199074834L, -1704864349L, 
    510611587L, -258367897L, -470547291L, 1019348210L, -33131458L, 1609990486L, 432320484L, -159852291L, 
    -1904340951L, 784189793L, 96644227L, 1325997752L, -240732816L, -485978396L, 713686822L, 489255367L, 
    -636651769L, 643976387L, 2047348337L, -717630018L, 1723269170L, 1943029002L, -2037549632L, 1622900217L, 
    -814582267L, -475909739L, 94087015L, -1957947588L, -638078020L, 687253184L, -2106551766L, 1310718123L, 
    -1109100757L, 1641010399L, 1709073709L, 1575980490L, 842878150L, 1968155982L, -1524609668L, -1534897947L, 
    -380664335L, 1394295721L, -621967477L, -105713648L, -1729914424L, 2121512684L, -259038802L, 422896991L, 
    -97244001L, -1300693813L, 1675498697L, 959921542L, 370270890L, 642227762L, -1379959736L, -390696079L, 
    1876128125L, 856578381L, 1994983871L, -1941849340L, 2096588004L, -495783848L, 1201661762L, -1047690957L, 
    878295315L, 165605079L, 902563157L, 1060325826L, 605179406L, -663140282L, -471987276L, 1996626285L, 
    -2065749703L, 2106693649L, 459390387L, -1474796056L, -673930592L, 995869364L, -33424010L, 1170161815L, 
    840656247L, 1143497171L, -1352455071L, 1881778670L, -1139551230L, -543894982L, -2103383792L, -1735625911L, 
    -1788403371L, -567887067L, -240535113L, -348488596L, -915777428L, -651942640L, 806997242L, 1063925403L, 
    -14116453L, 600236335L, 624235389L, 771232954L, 306899958L, 260899998L, -1334962580L, 1830247477L, 
    1299179169L, 1592883257L, -70124581L, -2067037088L, -1954795496L, -1011799844L, 1317526686L, -490878129L, 
    1686041263L, 1182069499L, -150608551L, 1717028054L, -539127718L, -662235582L, 301049848L, -346497119L, 
    -1586772563L, 663997053L, -1600980561L, 1377164756L, -170835468L, -1667418168L, -835736526L, 1286292483L, 
    -383969558L, 2051775169L, 1804660894L, -1203233919L, 777287260L, -251783171L, 1767262290L, -1425714649L, 
    1993269910L, 1850371997L, 1580142310L, -313224847L, 798509688L, -744682571L, 1143071238L, -212164881L, 
    262318474L, -675857839L, -1435426394L, 1852733993L, 2091996316L, -1394727043L, -247539030L, 1894526095L, 
    -144679194L, 63105693L, 1460098038L, -1335907599L, 1175376488L, -1332309155L, 1821424030L, -608850641L, 
    1825477562L, -1615466271L, -782504146L, -1509558943L, -818273524L, 1444034173L, -779112654L, 735597847L, 
    -33917546L, 436027869L, 1081197574L, 1109280305L, -1543013592L, 1094005013L, 1442414406L, -1345736369L, 
    -1226840662L, 152651873L, -720328330L, 1287725641L, 935961276L, 114111853L, 944783050L, 928688095L, 
    2058924022L, -2117372211L, 68098996L, -93678707L, -777220127L, -890117340L, -64934438L, 322517161L, 
    1705997849L, 162347018L, 976088544L, 212293689L, -951391095L, -849255920L, -831909054L, 1498724069L, 
    -744726583L, 91043186L, -536164292L, 216621909L, -1324040663L, -2118357724L, -828575718L, -1477876511L, 
    -1051932127L, 975996354L, 1346092576L, -677200199L, 729327521L, 514321912L, -195142686L, -312976235L, 
    99568049L, 475831178L, -100175884L, 611372461L, -223145967L, 863612436L, 244180362L, 1150608841L, 
    -532332743L, 657801626L, 911320608L, -1576415767L, -2089298103L, -775802016L, -1219171438L, 259517829L, 
    218328313L, 446537698L, 1589120972L, 469052805L, 1127686377L, 1100630420L, -620194294L, 514577265L, 
    -57441423L, 1946609346L, -850224800L, 1482481897L, 1193058801L, 1364751032L, 1069719122L, -916112395L, 
    1980317873L, -710441590L, -385361292L, 1492282125L, -317977183L, 1577673028L, 1146274586L, 79247817L, 
